6.608451290894543639e-01 7.016977785748559349e-01 5.561412475569825764e-01 9.503012673492954310e-01 2.644500949120383027e-01 4.109126394803965798e-01 4.507766571287922241e-01 4.609056365680056500e-01 2.683874282532117128e-01 2.587464246150179559e-01
7.016977785748559349e-01 3.327139517415664827e-01 9.893674021025310461e-01 1.609521715595823022e-01 5.599417117060788707e-01 8.334596804417033766e-01 1.138204024708141526e-01 9.394414482273744094e-01 8.896910477759094604e-01 1.957807232317069213e-01
5.561412475569825764e-01 9.893674021025310461e-01 4.535626911273044071e-01 9.418374479478639483e-01 4.479031820050439761e-01 7.311777466280136029e-01 4.207853498180068597e-01 9.665730014955262739e-01 2.745399690549146232e-01 1.152328871911829644e-01
9.503012673492954310e-01 1.609521715595823022e-01 9.418374479478639483e-01 2.130067496232252999e-01 5.576297812472300608e-01 9.809633127548416098e-01 6.507992690888199094e-01 4.824864881052125520e-01 6.058078923586986964e-01 6.655277534609937984e-02
2.644500949120383027e-01 5.599417117060788707e-01 4.479031820050439761e-01 5.576297812472300608e-01 1.017405462624665358e-02 7.304245348262556892e-01 6.826336377510949793e-01 8.008450126939514746e-01 8.263538905794167722e-01 5.984383496461568308e-01
4.109126394803965798e-01 8.334596804417033766e-01 7.311777466280136029e-01 9.809633127548416098e-01 7.304245348262556892e-01 9.121112986589421379e-01 1.916860217020496249e-01 5.702444875020410420e-01 8.573343535133259863e-02 2.448294363193043166e-01
4.507766571287922241e-01 1.138204024708141526e-01 4.207853498180068597e-01 6.507992690888199094e-01 6.826336377510949793e-01 1.916860217020496249e-01 5.859979817694974669e-01 1.696562316877066046e-01 2.298324637203701393e-01 7.461574530102632608e-02
4.609056365680056500e-01 9.394414482273744094e-01 9.665730014955262739e-01 4.824864881052125520e-01 8.008450126939514746e-01 5.702444875020410420e-01 1.696562316877066046e-01 2.888427436147322780e-01 7.915896320928739183e-01 4.480102514885432319e-01
2.683874282532117128e-01 8.896910477759094604e-01 2.745399690549146232e-01 6.058078923586986964e-01 8.263538905794167722e-01 8.573343535133259863e-02 2.298324637203701393e-01 7.915896320928739183e-01 9.563859620352537227e-01 1.253141813234098789e-01
2.587464246150179559e-01 1.957807232317069213e-01 1.152328871911829644e-01 6.655277534609937984e-02 5.984383496461568308e-01 2.448294363193043166e-01 7.461574530102632608e-02 4.480102514885432319e-01 1.253141813234098789e-01 9.253301801783399005e-01
